                        С П Р А В К А    Т Е К У Щ И    Н А Л И Ч Н О С Т И                         
                                       Към дата : 20.03.2013        

 Обект        : СКЛАД СЕЛЕКТ                                      
 Група стоки  : РЧ УРЕДИ ROTEL                
 +----------+-----------------------------------+------------+----------+----------+----------+------------+------------+------------+
 |Катал. Nо | Артикул                           | Количество |Цена прид.|Прод.ц+ДДС|Прод.ц-ДДС| Ст-ст прид.| Прод.ст+ДДС| Прод.ст-ДДС|
 +----------+-----------------------------------+------------+----------+----------+----------+------------+------------+------------+
 |520511200 |Филтър две дози                    |        1.00|      2.20|      2.50|      3.60|        2.20|        2.50|        3.60|
 |2120000010|ТО фритьоза                        |        1.00|      0.08|      0.00|      9.86|        0.08|        0.00|        9.86|
 |2120000010|ТО фритьоза                        |        3.00|      2.00|      0.00|      9.86|        6.00|        0.00|       29.58|
 |2202000100|Филтър кафе                        |       75.00|      1.37|      1.50|      1.90|      102.75|      112.50|      142.50|
 |2217000008|Нож                                |       16.00|      0.38|      0.50|      0.85|        6.08|        8.00|       13.60|
 |2224000001|Бункер кафе                        |        1.00|      0.05|      0.15|      0.45|        0.05|        0.15|        0.45|
 |2245000010|Уплътнител за глава                |        7.00|      2.79|      0.00|      4.40|       19.51|        0.00|       30.80|
 |2245000016|Нипел                              |        2.00|      0.15|      0.25|      0.55|        0.30|        0.50|        1.10|
 |2245000028|Термостат 95 С                     |        7.00|      3.82|      4.50|      5.60|       26.72|       31.50|       39.20|
 |2245000048|Копче                              |        3.00|      0.02|      0.10|      0.25|        0.06|        0.30|        0.75|
 |2245000056|Уплътнител за пароструйник         |       45.00|      0.75|      0.95|      1.30|       33.87|       42.75|       58.50|
 |2248000003|Филтър една доза                   |        1.00|      1.00|      1.20|      3.60|        1.00|        1.20|        3.60|
 |2248000022|Уплътнител за бойлер               |        3.00|      1.46|      1.60|      1.90|        4.39|        4.80|        5.70|
 |2248000023|Уплътнител за глава                |        2.00|      5.99|      6.50|      9.25|       11.98|       13.00|       18.50|
 |2248000028|Коляно                             |        5.00|      3.24|      3.50|      5.60|       16.21|       17.50|       28.00|
 |2248000029|Камък конусен                      |        1.00|      5.46|      5.90|      6.70|        5.46|        5.90|        6.70|
 |2248000030|Изхвъргач                          |        3.00|      0.55|      0.75|      1.25|        1.65|        2.25|        3.75|
 |2248000030|Изхвъргач                          |        6.00|      0.55|      0.75|      1.25|        3.31|        4.50|        7.50|
 |2248000033|Зъбно колело с ос                  |        4.00|      6.58|      7.00|      9.80|       26.33|       28.00|       39.20|
 |2248000034|Мотор                              |        1.00|      4.95|      7.50|     12.90|        4.95|        7.50|       12.90|
 |2248000042|Нож горен                          |        3.00|      8.95|      9.50|     14.90|       26.86|       28.50|       44.70|
 |2248000043|Бойлер кпл.                        |        4.00|     11.33|     13.50|     18.90|       45.32|       54.00|       75.60|
 |2248000044|Крем шайба                         |        7.00|      8.13|     11.75|     12.50|       56.91|       82.25|       87.50|
 |2249000023|Копче за паровентил                |        3.00|      0.28|      0.40|      0.65|        0.84|        1.20|        1.95|
 |2249000041|Вентил                             |        1.00|      6.55|      7.50|     11.80|        6.55|        7.50|       11.80|
 |2249000061|Уплътнител за бойлер               |        9.00|      1.14|      0.00|      1.90|       10.22|        0.00|       17.10|
 |2249000168|Платка                             |        2.00|     17.34|      0.00|     21.80|       34.68|        0.00|       43.60|
 |2249000181|Бойлер кпл.                        |        5.00|     26.07|     37.50|     51.50|      130.38|      187.50|      257.50|
 |2250000009|Бойлер кпл.                        |        8.00|     26.72|     28.50|     37.90|      213.76|      228.00|      303.20|
 |2250000021|Уплътнител за бойлер               |        6.00|      1.82|      2.40|      3.60|       10.92|       14.40|       21.60|
 |2250000023|Свързващо тяло                     |        2.00|      0.34|      0.50|      0.80|        0.68|        1.00|        1.60|
 |2250000023|Свързващо тяло                     |        9.00|      0.34|      0.50|      0.80|        3.03|        4.50|        7.20|
 |2250000025|Термостат 130 С                    |        5.00|      0.03|      0.15|      0.45|        0.15|        0.75|        2.25|
 |2251000021|Уплътнител за бойлер               |       10.00|      1.96|      0.00|      2.40|       19.60|        0.00|       24.00|
 |2253000013|Филтър носач                       |        1.00|      1.45|      0.00|     13.00|        1.45|        0.00|       13.00|
 |2253000063|Уплътнител за бойлер               |        4.00|      2.63|      0.00|      3.00|       10.54|        0.00|       12.00|
 |2261002053|Уплътнител за паровентил           |       12.00|      0.19|      0.25|      9.80|        2.25|        3.00|      117.60|
 |2261002053|Уплътнител за паровентил           |       62.00|      0.18|      0.25|      9.80|       11.16|       15.50|      607.60|
 |2307000001|Пасирка                            |        2.00|      0.52|      1.50|      2.30|        1.04|        3.00|        4.60|
 |2307000001|Пасирка                            |        8.00|      0.73|      1.50|      2.30|        5.84|       12.00|       18.40|
 |2309000008|Куплунг U31.3                      |        3.00|      0.40|      0.60|      0.60|        1.20|        1.80|        1.80|
 |2309000058|Кана U31.4                         |        2.00|      0.05|      2.00|      3.20|        0.10|        4.00|        6.40|
 |2310000018|Ротор                              |        1.00|      0.59|      0.80|      1.45|        0.59|        0.80|        1.45|
 |2373000001|Пасирка                            |        5.00|      0.95|      1.50|      7.98|        4.75|        7.50|       39.90|
 |2373000008|Зъбно колело                       |        1.00|      0.50|      0.75|      0.70|        0.50|        0.75|        0.70|
 |2402000022|Ключ за U40.8                      |        1.00|      1.00|      0.00|      2.40|        1.00|        0.00|        2.40|
 |2404000005|Нож                                |        2.00|      0.10|      0.00|     19.80|        0.20|        0.00|       39.60|
 |2404000008|Зъбно колело                       |        2.00|      0.42|      1.70|      2.70|        0.84|        3.40|        5.40|
 |2404000008|Зъбно колело                       |        4.00|      0.42|      1.70|      2.70|        1.67|        6.80|       10.80|
 |2404000020|Зъбно колело                       |        2.00|      0.18|      1.60|      2.60|        0.36|        3.20|        5.20|
 |2404000020|Зъбно колело                       |        9.00|      0.19|      1.60|      2.60|        1.68|       14.40|       23.40|
 |2404000021|Двигател U40.4                     |        2.00|      6.74|      7.50|     10.90|       13.47|       15.00|       21.80|
 |2404009999|Междинно колело                    |        1.00|      0.20|      0.30|      0.50|        0.20|        0.30|        0.50|
 |2408000003|Двоен дисков нож                   |        2.00|      0.10|      0.00|     24.90|        0.20|        0.00|       49.80|
 |2408000006|Задвижващо колело                  |        1.00|      0.10|      0.00|      3.98|        0.10|        0.00|        3.98|
 |2435000002|Ел. платка / бутон /               |        1.00|      1.00|      2.50|      2.50|        1.00|        2.50|        2.50|
 |2435000002|Ел. платка / бутон /               |        2.00|      0.01|      2.50|      2.50|        0.02|        5.00|        5.00|
 |2435000005|Капак купа                         |        1.00|      2.60|      0.00|      5.30|        2.60|        0.00|        5.30|
 |2435000009|Нож                                |        1.00|     10.17|     11.50|     15.90|       10.17|       11.50|       15.90|
 |2435000011|Универсален нож                    |        1.00|      6.45|      0.00|     16.26|        6.45|        0.00|       16.26|
 |2435000016|Ел. платка                         |        1.00|      1.50|      2.50|      3.60|        1.50|        2.50|        3.60|
 |2435000019|Зъбно колело                       |        1.00|      2.82|      3.20|      4.70|        2.82|        3.20|        4.70|
 |2471000005|Уплътнител силиконов               |        1.00|      0.45|      0.00|      1.90|        0.45|        0.00|        1.90|
 |2473000003|Кана U 47.3                        |        2.00|      8.47|      0.00|      0.00|       16.94|        0.00|        0.00|
 |2474000059|Кана U 47.4                        |        3.00|      7.13|      0.00|      0.00|       21.40|        0.00|        0.00|
 |2491000012|Зъбно колело щ3                    |        1.00|      0.14|      3.20|      4.85|        0.14|        3.20|        4.85|
 |2491000035|Пружина                            |        4.00|      0.83|      1.00|      1.50|        3.34|        4.00|        6.00|
 |2491000036|Нож щ5                             |        2.00|      3.81|      4.50|      6.45|        7.62|        9.00|       12.90|
 |2622000004|Ел. платка                         |        7.00|      0.52|      1.00|      1.60|        3.64|        7.00|       11.20|
 |2622000009|Шлаух засмукващ                    |        2.00|      8.04|      9.00|     12.90|       16.09|       18.00|       25.80|
 |2624000000|Филтър книжен за прахосмукачка     |        5.00|      2.30|      0.00|      2.60|       11.50|        0.00|       13.00|
 |2624000000|Филтър книжен за прахосмукачка     |        8.00|      2.00|      0.00|      2.60|       16.00|        0.00|       20.80|

 |2699006228|Филтър прахосмукачка               |       19.00|      0.74|      1.10|      1.90|       14.08|       20.90|       36.10|
 |2699006933|Филтър прахосмукачка               |       65.00|      0.37|      1.10|      1.90|       24.15|       71.50|      123.50|
 |2699006933|Филтър прахосмукачка               |      488.00|      0.57|      1.10|      1.90|      279.47|      536.80|      927.20|
 |2882000001|Шнур                               |        4.00|      0.04|      0.15|      0.30|        0.16|        0.60|        1.20|
 |2882000013|Дръжка дясна                       |        2.00|      6.57|      7.00|      9.90|       13.14|       14.00|       19.80|
 |2882000016|Ел. вентил                         |       12.00|      6.66|      7.00|      8.90|       79.92|       84.00|      106.80|
 |2932000009|МТЗ 184 С                          |        4.00|      0.01|      0.10|      1.20|        0.04|        0.40|        4.80|
 |2932000012|Копче терморегулатор               |       12.00|      0.10|      0.15|      0.30|        1.20|        1.80|        3.60|
 |2932000039|Копче пара                         |        6.00|      0.09|      0.15|      0.30|        0.54|        0.90|        1.80|
 |6120240321|Пусково копче                      |        2.00|      1.15|      1.40|      1.90|        2.30|        2.80|        3.80|
 |6120240361|Мотор                              |        1.00|      0.80|      2.50|      9.90|        0.80|        2.50|        9.90|
 |6120300181|Вана за вода                       |        3.00|      0.49|      0.75|      4.15|        1.47|        2.25|       12.45|
 |6120300371|Вентил щанга                       |        4.00|      0.51|      0.75|      1.25|        2.04|        3.00|        5.00|
 |6120300601|Капак за кана                      |        2.00|      0.04|      0.15|      0.30|        0.08|        0.30|        0.60|
 |6120300781|Шлаух силиконов къс                |        1.00|      0.32|      0.50|      0.90|        0.32|        0.50|        0.90|
 |6120300791|Шлаух силиконов дълъг              |       10.00|      3.16|      3.25|      4.50|       31.60|       32.50|       45.00|
 |6120301111|Нагревател кпл.                    |        1.00|     44.69|     48.00|     66.90|       44.69|       48.00|       66.90|
 |6120301391|Помпа                              |        3.00|      0.68|      0.00|     37.90|        2.03|        0.00|      113.70|
 |6127170111|Бъркалки U31.3                     |        5.00|      2.65|      2.75|      3.70|       13.26|       13.75|       18.50|
 |6127170111|Бъркалки U31.3                     |       11.00|      0.89|      2.75|      3.70|        9.77|       30.25|       40.70|
 |9611121006|Пружина                            |       15.00|      0.28|      0.35|      0.60|        4.20|        5.25|        9.00|
 |9611515023|Уплътнител за глава                |        4.00|      0.06|      0.25|      0.65|        0.24|        1.00|        2.60|
 |9612932005|Нипел                              |        7.00|      0.17|      0.25|      0.50|        1.19|        1.75|        3.50|
 |9615001013|Уплътнител малък                   |        2.00|      0.08|      0.15|      0.30|        0.16|        0.30|        0.60|
 |9673205003|МТЗ 152 С                          |        5.00|      0.26|      0.50|      0.90|        1.31|        2.50|        4.50|
 |9673601006|Термостат 95-120 С                 |        1.00|      1.36|      4.90|      6.90|        1.36|        4.90|        6.90|
 |9673601006|Термостат 95-120 С                 |       10.00|      3.66|      4.90|      6.90|       36.64|       49.00|       69.00|
 |9674113019|Ключ две позиции                   |        1.00|      0.10|      0.00|      3.90|        0.10|        0.00|        3.90|
 |9690501005|Регулатор за помпа                 |        1.00|      1.95|      0.00|      8.60|        1.95|        0.00|        8.60|
 |9690501013|Ел. платка                         |        1.00|      0.60|      0.00|     16.90|        0.60|        0.00|       16.90|
 |9694000016|Ел. платка                         |        2.00|      0.21|      1.50|      2.90|        0.42|        3.00|        5.80|
 +----------+-----------------------------------+------------+----------+----------+----------+------------+------------+------------+
 |Общо за: РЧ УРЕДИ ROTEL                       |     1135.00|          |          |          |     1582.87|     1984.25|     4164.98|
 
 Група стоки  : УРЕДИ ROTEL                   
 +----------+-----------------------------------+------------+----------+----------+----------+------------+------------+------------+
 |Катал. Nо | Артикул                           | Количество |Цена прид.|Прод.ц+ДДС|Прод.ц-ДДС| Ст-ст прид.| Прод.ст+ДДС| Прод.ст-ДДС|
 +----------+-----------------------------------+------------+----------+----------+----------+------------+------------+------------+
 |U 12.3    |Партигрил с метална плоча          |        1.00|     52.23|     62.00|     74.90|       52.23|       62.00|       74.90|
 |U 12.5    |Партигрил с каменна плоча          |        1.00|     72.39|     83.25|     99.90|       72.39|       83.25|       99.90|
 |U 12.5    |Партигрил с каменна плоча          |        1.00|     72.38|     83.25|     99.90|       72.38|       83.25|       99.90|
 |U 13.4    |Уред за хамбургери                 |        3.00|     53.24|     54.00|     64.90|      159.72|      162.00|      194.70|
 |U 13.4    |Уред за хамбургери                 |        9.00|     53.24|     54.00|     64.90|      479.13|      486.00|      584.10|
 |U 14.5    |Уред за вакуумиране                |        4.00|     71.98|     72.40|     86.90|      287.92|      289.60|      347.60|
 |U 14.6    |Уред за вакуумиране                |        6.00|     35.51|     41.55|     49.90|      213.06|      249.30|      299.40|
 |U 17.0    |Сандвич тостер                     |        1.00|     24.42|     25.00|     31.90|       24.42|       25.00|       31.90|
 |U 17.1    |Сандвич тостер                     |        2.00|     41.00|     41.50|     49.90|       82.00|       83.00|       99.80|
 |U 18.0    |Фритьоза                           |        1.00|     88.88|      0.00|     89.90|       88.88|        0.00|       89.90|
 |U 18.0    |Фритьоза                           |        2.00|     72.70|      0.00|     89.90|      145.41|        0.00|      179.80|
 |U 18.6    |Фритьоза                           |        1.00|     79.74|     83.25|     99.90|       79.74|       83.25|       99.90|
 |U 24.4    |Еспресомашина                      |        1.00|    159.33|    166.00|    199.90|      159.33|      166.00|      199.90|
 |U 24.4    |Еспресомашина                      |        1.00|    160.64|    166.00|    199.90|      160.64|      166.00|      199.90|
 |U 24.4    |Еспресомашина                      |        3.00|    134.47|    166.00|    199.90|      403.40|      498.00|      599.70|
 |U 24.9    |Еспресомашина                      |        1.00|    286.00|    355.00|    429.90|      286.00|      355.00|      429.90|
 |U 25.3    |Еспресомашина                      |        1.00|    180.94|    183.00|    219.90|      180.94|      183.00|      219.90|
 |U 25.3    |Еспресомашина                      |        6.00|    181.17|    183.00|    219.90|     1087.04|     1098.00|     1319.40|
 |U 40.0    |Уред за рязане                     |        1.00|    173.17|    174.00|    208.90|      173.17|      174.00|      208.90|
 |U 40.0    |Уред за рязане                     |        1.00|    156.17|    174.00|    208.90|      156.17|      174.00|      208.90|
 |U 40.5    |Ел.нож                             |        2.00|     25.97|     26.55|     31.90|       51.94|       53.10|       63.80|
 |U 41.4    |Ел.нож                             |        1.00|     21.35|     22.25|     26.90|       21.35|       22.25|       26.90|
 |U 47.1    |Шейкър                             |        1.00|     39.45|     49.50|     59.90|       39.45|       49.50|       59.90|
 |U 47.1    |Шейкър                             |       22.00|     39.45|     49.50|     59.90|      867.93|     1089.00|     1317.80|
 |U 49.5    |Стъргало                           |        5.00|     25.57|     28.25|     33.90|      127.85|      141.25|      169.50|
 |U 49.8    |Приставка подправки                |        2.00|     43.25|     43.25|     51.90|       86.50|       86.50|      103.80|
 |U 49.9    |Приставка домати                   |        1.00|     25.87|     26.55|     31.90|       25.87|       26.55|       31.90|
 |U 49.9    |Приставка домати                   |        3.00|     25.56|     26.55|     31.90|       76.69|       79.65|       95.70|
 |U 62.8    |Прахосмукачка                      |        1.00|     92.05|     92.40|    110.90|       92.05|       92.40|      110.90|
 |U 62.8    |Прахосмукачка                      |        1.00|     75.20|     92.40|    110.90|       75.20|       92.40|      110.90|
 |U 69.3    |Прахосмукачка                      |        1.00|    110.33|    116.50|    139.90|      110.33|      116.50|      139.90|
 |U 69.3    |Прахосмукачка                      |        3.00|    110.71|    116.50|    139.90|      332.13|      349.50|      419.70|
 |U 71.5    |Печка вентилаторна                 |        3.00|     39.18|     39.90|     47.90|      117.54|      119.70|      143.70|
 |U 73.5    |Радиатор                           |        3.00|     87.20|     88.25|    105.90|      261.60|      264.75|      317.70|
 |U 76.3    |Конвектор                          |        1.00|     54.13|     54.00|     64.90|       54.13|       54.00|       64.90|
 |U 87.0    |Ютия                               |        3.00|     16.90|     21.00|     25.90|       50.71|       63.00|       77.70|
 |U 88.9    |Ютия                               |        3.00|    247.90|    249.90|    299.90|      743.70|      749.70|      899.70|
 |U 89.0    |Ютия                               |        4.00|    117.80|    118.25|    141.90|      471.20|      473.00|      567.60|
 +----------+-----------------------------------+------------+----------+----------+----------+------------+------------+------------+
 |Общо за: УРЕДИ ROTEL                          |      107.00|          |          |          |     7970.15|     8343.40|    10310.30|
 

 Група стоки  : УСЛУГИ                        
 +----------+-----------------------------------+------------+----------+----------+----------+------------+------------+------------+
 |Катал. Nо | Артикул                           | Количество |Цена прид.|Прод.ц+ДДС|Прод.ц-ДДС| Ст-ст прид.| Прод.ст+ДДС| Прод.ст-ДДС|
 +----------+-----------------------------------+------------+----------+----------+----------+------------+------------+------------+
 |1         |труд                               |       -2.00|      0.00|      0.00|      0.00|        0.00|        0.00|        0.00|
 +----------+-----------------------------------+------------+----------+----------+----------+------------+------------+------------+
 |Общо за: УСЛУГИ                               |       -2.00|          |          |          |        0.00|        0.00|        0.00|
 
 +----------+-----------------------------------+------------+----------+----------+----------+------------+------------+------------+
 |Общо за: СКЛАД СЕЛЕКТ                         |     1240.00|          |          |          |     9553.01|    10327.65|    14475.28|

 Обект        : магазин ГЕН.КОЛЕВ                                 
 Група стоки  : УСЛУГИ                        
 +----------+-----------------------------------+------------+----------+----------+----------+------------+------------+------------+
 |Катал. Nо | Артикул                           | Количество |Цена прид.|Прод.ц+ДДС|Прод.ц-ДДС| Ст-ст прид.| Прод.ст+ДДС| Прод.ст-ДДС|
 +----------+-----------------------------------+------------+----------+----------+----------+------------+------------+------------+
 |1         |труд                               |     -426.00|      0.00|      0.00|      0.00|        0.00|        0.00|        0.00|
 |2         |транспорт                          |       -1.00|      0.00|      0.00|      0.00|        0.00|        0.00|        0.00|
 +----------+-----------------------------------+------------+----------+----------+----------+------------+------------+------------+
 |Общо за: УСЛУГИ                               |     -427.00|          |          |          |        0.00|        0.00|        0.00|
 
 +----------+-----------------------------------+------------+----------+----------+----------+------------+------------+------------+
 |Общо за: магазин ГЕН.КОЛЕВ                    |     -427.00|          |          |          |        0.00|        0.00|        0.00|
